image_size: [2448.000000, 2048.000000]
focal_length: [1436.89437780124, 1442.58498490709]
principal_points: [1218.77863491507, 1045.77362896196]
radial_distortion: [0.0144210402954516,-0.0148287624062537]
tangential_distortion: [0.000000, 0.000000]
skew: 0.000000
roi: [0, 0, 2447 ,2047]
