image_size: [2448.000000, 2048.000000]
focal_length: [1442.088034315620, 1441.569359684134]
principal_points: [1211.182857736419, 1023.369359865107]
radial_distortion: [0.018432161371674, 0.001563527251770]
tangential_distortion: [0.000000, 0.000000]
skew: 0.000000
roi: [0, 0, 2446, 2046]